[gd_scene load_steps=6 format=3 uid="uid://dbw3akrqlveku"]

[ext_resource type="PackedScene" uid="uid://iimw1112etc5" path="res://src/character/Character.tscn" id="1_xldhp"]
[ext_resource type="MeshLibrary" uid="uid://comkyvwcplwrt" path="res://resources/floor_mesh_library.res" id="2_l36im"]

[sub_resource type="StandardMaterial3D" id="StandardMaterial3D_n1e6h"]

[sub_resource type="SphereMesh" id="SphereMesh_fy33x"]
material = SubResource("StandardMaterial3D_n1e6h")
radius = 0.25
height = 0.5

[sub_resource type="Environment" id="Environment_bl3ws"]
ambient_light_color = Color(1, 1, 1, 1)

[node name="World" type="Node3D"]

[node name="Characters" type="Node" parent="."]

[node name="Character" parent="Characters" instance=ExtResource("1_xldhp")]
transform = Transform3D(1, 0, 0, 0, 1, 0, 0, 0, 1, -1, 0, 1)

[node name="Environment" type="Node" parent="."]

[node name="DirectionalLight3D" type="DirectionalLight3D" parent="Environment"]
transform = Transform3D(0.707107, -0.5, 0.5, 0, 0.707107, 0.707107, -0.707107, -0.5, 0.5, 0, 10, 0)
light_energy = 0.5

[node name="DirectionalLight3D2" type="DirectionalLight3D" parent="Environment"]
transform = Transform3D(1, 0, 0, 0, 0.258819, 0.965926, 0, -0.965926, 0.258819, 0, 10, 0)
light_energy = 0.5

[node name="GridMaps" type="Node" parent="."]

[node name="Floor" type="GridMap" parent="GridMaps"]
transform = Transform3D(1, 0, 0, 0, 1, 0, 0, 0, 1, 0, -1, 0)
mesh_library = ExtResource("2_l36im")
cell_size = Vector3(2.05, 2, 2.05)
data = {
"cells": PackedInt32Array(65535, 65535, 0, 0, 65535, 0, 0, 0, 0, 65535, 0, 0, 1, 65535, 0, 1, 0, 0, 1, 1, 0, 0, 1, 0, 65535, 1, 0, 65534, 1, 0, 65534, 0, 0, 65534, 65535, 0, 65534, 65534, 0, 65535, 65534, 0, 0, 65534, 0, 1, 65534, 0, 65533, 1, 0, 65533, 0, 0, 65533, 65535, 0, 65533, 65534, 0, 65533, 65533, 0, 65534, 65533, 0, 65535, 65533, 0, 0, 65533, 0, 1, 65533, 0, 65533, 2, 0, 65534, 2, 0, 65535, 2, 0, 0, 2, 0, 1, 2, 0, 2, 2, 0, 2, 1, 0, 2, 0, 0, 2, 65535, 0, 2, 65534, 0, 2, 65533, 0, 65532, 2, 0, 65532, 1, 0, 65532, 0, 0, 65532, 65535, 0, 65532, 65534, 0, 65532, 65533, 0, 65532, 65532, 0, 65533, 65532, 0, 65534, 65532, 0, 65535, 65532, 0, 0, 65532, 0, 1, 65532, 0, 2, 65532, 0)
}
metadata/_editor_floor_ = Vector3(0, 0, 0)

[node name="CameraContainer" type="Node3D" parent="."]
transform = Transform3D(0.707107, 0, 0.707107, 0, 1, 0, -0.707107, 0, 0.707107, 0, 0, 0)

[node name="Camera3D" type="Camera3D" parent="CameraContainer"]
transform = Transform3D(1, 5.54279e-08, 3.20013e-08, -6.40026e-08, 0.866026, 0.5, 0, -0.5, 0.866026, 0, 6, 8)
projection = 1
size = 15.0

[node name="MeshInstance3D" type="MeshInstance3D" parent="CameraContainer"]
mesh = SubResource("SphereMesh_fy33x")

[node name="WorldEnvironment" type="WorldEnvironment" parent="."]
environment = SubResource("Environment_bl3ws")
